0.0
0.0
0.0
0.0
0.0
0.0
0.0
0.0
0.0
0.0
0.0
0.0
0.0
0.0
0.0
0.0
0.0
0.0
0.0
0.0
0.0
0.0
0.0
0.0
0.0
0.0
0.0
0.0
0.0
0.0
0.0
0.0
0.0
0.0
0.0
0.0
0.0
0.0
0.0
0.0
0.0
0.0
0.0
0.0
0.0
0.0
0.0
0.0
0.0
0.0
0.0
0.0
0.0
0.0
0.0
0.0
0.0
0.0
0.0
0.0
0.0
0.0
0.0
0.0
0.0
0.0
0.0
0.0
0.0
0.0
0.0
0.0
0.0
0.0
0.0
0.0
0.0
0.0
0.0
0.0
0.0
0.0
0.0
0.0
0.0
0.0
0.0
0.0
0.0
0.0
0.0
0.0
0.0
0.0
0.0
0.0
0.0
0.0
0.0
0.0
0.0
0.0
0.0
0.0
0.0
0.0
0.0
0.0
0.0
0.0
0.0
0.0
0.0
0.0
0.0
0.0
0.0
0.0
0.0
0.0
0.0
0.0
0.0
0.0
0.0
0.0
0.0
0.0
0.0
0.0
0.0
0.0
9.988000000000001
11.5890625
16.083061224489796
21.62257575757576
26.38518518518518
30.781702127659575
35.22775700934579
39.24815126050421
42.832846153846134
46.97028169014083
50.87064935064936
54.61126506024096
58.33335227272728
62.48232804232804
66.06140000000002
69.84947867298575
83.78533596837944
85.67453488372095
88.77119402985079
91.31311594202906
95.55738675958195
98.52335570469798
102.55828478964396
106.55775700934582
110.72418674698795
114.6229855072464
118.42154494382022
123.10268292682923
126.59544736842106
131.22977215189877
135.64149877149873
139.8311666666665
143.87328703703702
148.32807174887887
152.64729847494564
156.93397027600855
161.52744329896913
166.16283132530123
170.62808219178083
174.90259047619048
179.19545623836123
183.90001814882046
187.69595744680853
192.73762975778536
197.09235593220356
201.99745874587467
206.21718446601912
210.98289556962044
215.68609907120765
220.39364599092278
225.03158753709175
229.81039130434792
234.4782361308675
239.7167921896793
244.24866120218573
249.15503346720217
254.07930263157897
258.29901935483866
263.0855076142126
267.87335411471196
272.70159313725435
277.3130843373495
282.65781582054314
287.4766085946578
292.46440639269395
296.9469178852645
302.2989834254144
307.1570978260869
312.456755888651
317.1145943098003
322.3348082901548
327.06375893769086
332.2949798792762
336.67222993062535
342.0814467253186
346.8653512993261
352.39446343779633
357.7353040224512
362.2274261992613
367.57060964513204
371.91945193171614
376.8888662533216
381.95816272965936
387.22969775474894
392.4631942078369
398.0041260504199
402.8690207468885
407.76200819672096
412.8129230769238
417.2805044035235
423.0791541501974
427.3374667709152
433.0825270479133
437.74899236641244
442.81577475434585
447.89779850746316
453.7702802359876
458.22973703433223
463.0510765895954
467.6572246065809
472.4212738853511
477.64095871238715
483.17534996535113
487.54642661179565
492.7757433808563
497.4860161507417
502.2401662234038
507.16490441661153
512.6501827676237
516.8957142857134
522.3584507042256
527.880856055803
532.4043718592955
537.7091474797762
542.2967118226604
547.4817909535442
553.4330834341001
557.391427714456
562.2324464285714
567.6580235988208
572.3078166958545
579.894516129033
585.2696451058983
585.4698285714295